[gd_scene load_steps=11 format=3 uid="uid://dxvvlck8lej3f"]

[ext_resource type="Environment" uid="uid://jvmpkdwaeaq" path="res://scenes/main-environment.tres" id="1_q8fpv"]
[ext_resource type="PackedScene" uid="uid://dl2ed4gkybggf" path="res://objects/player.tscn" id="2_elriq"]
[ext_resource type="Script" path="res://scripts/hud.gd" id="3_s8mkj"]
[ext_resource type="FontFile" uid="uid://biqtga8moh7ah" path="res://fonts/lilita_one_regular.ttf" id="3_w27de"]
[ext_resource type="PackedScene" uid="uid://dpm3l05d7fu35" path="res://objects/platform.tscn" id="5_3s40e"]
[ext_resource type="PackedScene" uid="uid://r7rt7pth4u7o" path="res://objects/wall_low.tscn" id="5_6vel1"]
[ext_resource type="PackedScene" uid="uid://bqq35ewryi8q2" path="res://objects/enemy_spawner.tscn" id="5_errr2"]
[ext_resource type="PackedScene" uid="uid://c71evdjblk5wp" path="res://objects/wall_high.tscn" id="7_cabne"]
[ext_resource type="PackedScene" uid="uid://bvx5cvigosg0s" path="res://objects/platform_large_grass.tscn" id="7_wggef"]

[sub_resource type="LabelSettings" id="LabelSettings_fpmwk"]
font = ExtResource("3_w27de")
font_size = 36
outline_size = 12
outline_color = Color(0, 0, 0, 0.470588)

[node name="Main" type="Node3D"]

[node name="WorldEnvironment" type="WorldEnvironment" parent="."]
environment = ExtResource("1_q8fpv")

[node name="Player" parent="." node_paths=PackedStringArray("crosshair") groups=["Player"] instance=ExtResource("2_elriq")]
mouse_sensitivity = 0.3
crosshair = NodePath("../HUD/Crosshair")

[node name="Sun" type="DirectionalLight3D" parent="."]
transform = Transform3D(-0.422618, -0.694272, 0.582563, 0, 0.642788, 0.766044, -0.906308, 0.323744, -0.271654, 0, 0, 0)
shadow_enabled = true
shadow_opacity = 0.75

[node name="HUD" type="CanvasLayer" parent="."]
script = ExtResource("3_s8mkj")

[node name="Crosshair" type="TextureRect" parent="HUD"]
anchors_preset = 8
anchor_left = 0.5
anchor_top = 0.5
anchor_right = 0.5
anchor_bottom = 0.5
offset_left = -20.0
offset_top = -20.0
offset_right = 20.0
offset_bottom = 20.0
grow_horizontal = 2
grow_vertical = 2
scale = Vector2(0.35, 0.35)
pivot_offset = Vector2(64, 64)

[node name="Health" type="Label" parent="HUD"]
offset_left = 48.0
offset_top = 627.0
offset_right = 138.0
offset_bottom = 672.0
size_flags_horizontal = 0
size_flags_vertical = 8
text = "100%"
label_settings = SubResource("LabelSettings_fpmwk")
vertical_alignment = 2

[node name="Enemy Spawners" type="Node" parent="."]

[node name="EnemySpawner" parent="Enemy Spawners" instance=ExtResource("5_errr2")]
transform = Transform3D(1, 0, 0, 0, 1, 0, 0, 0, 1, -4.00131, 2.35966, -8.97906)
spawns_per_minute = 3.0
immediate_spawn = true

[node name="EnemySpawner2" parent="Enemy Spawners" instance=ExtResource("5_errr2")]
transform = Transform3D(1, 0, 0, 0, 1, 0, 0, 0, 1, -9.83629, 2.35966, 3.39902)
spawns_per_minute = 3.0
immediate_spawn = true

[node name="EnemySpawner3" parent="Enemy Spawners" instance=ExtResource("5_errr2")]
transform = Transform3D(1, 0, 0, 0, 1, 0, 0, 0, 1, 1.97529, 2.35966, 9.43227)
spawns_per_minute = 3.0
immediate_spawn = true

[node name="EnemySpawner4" parent="Enemy Spawners" instance=ExtResource("5_errr2")]
transform = Transform3D(1, 0, 0, 0, 1, 0, 0, 0, 1, 12.4273, 2.35966, -3.99384)
spawns_per_minute = 3.0
immediate_spawn = true

[node name="Level" type="Node" parent="."]

[node name="platform" parent="Level" instance=ExtResource("5_3s40e")]
transform = Transform3D(1, 0, 0, 0, 1, 0, 0, 0, 1, -3.9618, -9.53674e-07, 0.421784)

[node name="platform5" parent="Level" instance=ExtResource("5_3s40e")]
transform = Transform3D(1, 0, 0, 0, 1, 0, 0, 0, 1, -6.45105, 0, 1.80996)

[node name="platform2" parent="Level" instance=ExtResource("5_3s40e")]
transform = Transform3D(1, 0, 0, 0, 1, 0, 0, 0, 1, -8.23571, -0.500001, -6.65143)

[node name="platform10" parent="Level" instance=ExtResource("5_3s40e")]
transform = Transform3D(1, 0, 0, 0, 1, 0, 0, 0, 1, -10.2608, -0.500001, -3.749)

[node name="platform11" parent="Level" instance=ExtResource("5_3s40e")]
transform = Transform3D(1, 0, 0, 0, 1, 0, 0, 0, 1, -10.7977, -0.500001, -0.775059)

[node name="platform3" parent="Level" instance=ExtResource("5_3s40e")]
transform = Transform3D(1, 0, 0, 0, 1, 0, 0, 0, 1, 4.18482, 0, -1.11317)

[node name="platform6" parent="Level" instance=ExtResource("5_3s40e")]
transform = Transform3D(1, 0, 0, 0, 1, 0, 0, 0, 1, 7.394, 0, -1.81518)

[node name="platform7" parent="Level" instance=ExtResource("5_3s40e")]
transform = Transform3D(1, 0, 0, 0, 1, 0, 0, 0, 1, 8.45704, 0, -8.47423)

[node name="platform8" parent="Level" instance=ExtResource("5_3s40e")]
transform = Transform3D(1, 0, 0, 0, 1, 0, 0, 0, 1, 4.30301, 0, -9.22323)

[node name="platform9" parent="Level" instance=ExtResource("5_3s40e")]
transform = Transform3D(1, 0, 0, 0, 1, 0, 0, 0, 1, 0.482229, 0, -9.40593)

[node name="platform4" parent="Level" instance=ExtResource("5_3s40e")]
transform = Transform3D(0.707107, 0, -0.707107, 0, 1, 0, 0.707107, 0, 0.707107, -7.62083, 0, 7.40877)

[node name="platform12" parent="Level" instance=ExtResource("5_3s40e")]
transform = Transform3D(0.99448, 0, -0.104928, 0, 1, 0, 0.104928, 0, 0.99448, -4.86681, -1.90735e-06, 9.10762)

[node name="platform13" parent="Level" instance=ExtResource("5_3s40e")]
transform = Transform3D(0.997267, 0, 0.0738822, 0, 1, 0, -0.0738822, 0, 0.997267, -1.89645, -9.53674e-07, 9.77854)

[node name="platform14" parent="Level" instance=ExtResource("5_3s40e")]
transform = Transform3D(0.997267, 0, 0.0738822, 0, 1, 0, -0.0738822, 0, 0.997267, -0.845442, 1.45278, 6.89306)

[node name="platform15" parent="Level" instance=ExtResource("5_3s40e")]
transform = Transform3D(0.997267, 0, 0.0738822, 0, 1, 0, -0.0738822, 0, 0.997267, 1.73714, 3.02246, 5.95415)

[node name="wall-high2" parent="Level" instance=ExtResource("7_cabne")]
transform = Transform3D(0.707107, 0, -0.707107, 0, 1, 0, 0.707107, 0, 0.707107, 11.5, 0, -5.5)

[node name="platform-large-grass" parent="Level" instance=ExtResource("7_wggef")]
transform = Transform3D(1, 0, 0, 0, 1, 0, 0, 0, 1, 0, -0.5, 0)

[node name="platform-large-grass2" parent="Level" instance=ExtResource("7_wggef")]
transform = Transform3D(0.965926, 0, 0.258819, 0, 1, 0, -0.258819, 0, 0.965926, -4.30362, -0.499999, -9.7413)

[node name="wall-low" parent="Level/platform-large-grass2" instance=ExtResource("5_6vel1")]
transform = Transform3D(1, 0, 0, 0, 1, 0, 0, 0, 1, 0.309791, 0.55, -0.850459)

[node name="platform-large-grass3" parent="Level" instance=ExtResource("7_wggef")]
transform = Transform3D(0.300206, 0, -0.953874, 0, 1, 0, 0.953874, 0, 0.300206, -10.103, 1.90735e-06, 3.77093)

[node name="wall-high" parent="Level/platform-large-grass3" instance=ExtResource("7_cabne")]
transform = Transform3D(0.965926, 0, 0.258819, 0, 1, 0, -0.258819, 0, 0.965926, 0.871191, 0.5, 1.31948)

[node name="platform-large-grass5" parent="Level" instance=ExtResource("7_wggef")]
transform = Transform3D(0.866026, 0, -0.5, 0, 1, 0, 0.5, 0, 0.866026, 12, -0.5, -5)

[node name="platform-large-grass4" parent="Level" instance=ExtResource("7_wggef")]
transform = Transform3D(-0.255361, 0, 0.966846, 0, 1, 0, -0.966846, 0, -0.255361, 2.44801, -0.5, 9.45916)

[node name="wall-low3" parent="Level/platform-large-grass4" instance=ExtResource("5_6vel1")]
transform = Transform3D(-0.965926, 0, 0.258819, 0, 1, 0, -0.258819, 0, -0.965926, 0.758079, 0.55, 1.34021)

[node name="Decoration" type="Node" parent="."]

[connection signal="health_updated" from="Player" to="HUD" method="_on_health_updated"]
